0.441179
0.893968
1.34676
1.79955
2.25234
2.67029
3.08825
3.50621
3.92417
4.34213
4.76009
5.15483
5.57279
5.99075
6.40871
6.82667
7.23302
7.63936
8.05732
8.47528
8.89324
9.3112
9.71755
10.1239
10.5419
10.9598
11.3662
11.7725
12.1905
12.6084
13.0264
13.4444
13.8623
14.2571
14.675
15.093
15.5109
15.9289
16.3468
16.7416
17.1595
17.5775
17.9955
18.4134
18.8198
19.2261
19.6441
20.062
20.48
20.8863
21.2927
21.7107
22.1286
22.5466
22.9529
23.3593
23.7772
24.1952
24.6132
25.0195
25.4258
25.8438
26.2618
26.6797
27.0977
27.5156
27.922
28.3283
28.7463
29.1643
29.5822
30.0002
30.3949
30.8129
31.2308
31.6488
32.0668
32.4731
32.8795
33.2974
33.7154
34.1333
34.5397
34.946
35.364
35.7819
36.1999
36.6179
37.0358
37.4422
37.8485
38.2665
38.6844
39.1024
39.5204
39.9151
40.3331
40.751
41.169
41.5869
41.9933
42.3996
42.8176
43.2356
43.6535
44.0599
44.4662
44.8842
45.3021
45.7201
46.1148
46.5328
46.9507
47.3687
47.7867
48.2046
48.6226
49.0173
49.4353
49.8532
50.2712
50.6892
51.0955
51.5019
51.9198
52.3378
52.7557
53.1621
53.5684
53.9864
54.4044
54.8223
55.2287
55.635
56.053
56.4709
56.8889
57.3068
57.7132
58.1195
58.5375
58.9555
59.3734
59.7798
60.1861
60.6041
61.022
61.44
61.858
62.2643
62.6707
63.0886
63.5066
63.9245
64.3425
64.7488
65.1552
65.5732
65.9911
66.4091
66.827
67.2334
67.6397
68.0577
68.4756
68.8936
69.2999
69.7063
70.1243
70.5422
70.9602
71.3781
71.8077
72.2489
72.6901
